Melanosis 0.0 0 0.0 264 495 318 543 0.0 0.0 0.0 0.0 0.0 0.0 0.0
Melanosis 0.0 0 0.0 744 474 789 510 0.0 0.0 0.0 0.0 0.0 0.0 0.0
Melanosis 0.0 0 0.0 1089 459 1143 504 0.0 0.0 0.0 0.0 0.0 0.0 0.0
Melanosis 0.0 0 0.0 1119 546 1146 576 0.0 0.0 0.0 0.0 0.0 0.0 0.0
Melanosis 0.0 0 0.0 1149 567 1188 600 0.0 0.0 0.0 0.0 0.0 0.0 0.0
Melanosis 0.0 0 0.0 1566 339 1605 399 0.0 0.0 0.0 0.0 0.0 0.0 0.0
Melanosis 0.0 0 0.0 1539 393 1584 432 0.0 0.0 0.0 0.0 0.0 0.0 0.0
Melanosis 0.0 0 0.0 1518 438 1578 477 0.0 0.0 0.0 0.0 0.0 0.0 0.0
Melanosis 0.0 0 0.0 1518 483 1569 513 0.0 0.0 0.0 0.0 0.0 0.0 0.0
Melanosis 0.0 0 0.0 1536 534 1575 570 0.0 0.0 0.0 0.0 0.0 0.0 0.0
Melanosis 0.0 0 0.0 1566 576 1608 612 0.0 0.0 0.0 0.0 0.0 0.0 0.0
Melanosis 0.0 0 0.0 1515 1119 1557 1161 0.0 0.0 0.0 0.0 0.0 0.0 0.0
Melanosis 0.0 0 0.0 1062 1074 1101 1110 0.0 0.0 0.0 0.0 0.0 0.0 0.0
Melanosis 0.0 0 0.0 1317 1011 1371 1071 0.0 0.0 0.0 0.0 0.0 0.0 0.0
Melanosis 0.0 0 0.0 663 1086 711 1131 0.0 0.0 0.0 0.0 0.0 0.0 0.0
Melanosis 0.0 0 0.0 864 1254 918 1311 0.0 0.0 0.0 0.0 0.0 0.0 0.0
Melanosis 0.0 0 0.0 198 1074 249 1113 0.0 0.0 0.0 0.0 0.0 0.0 0.0
Melanosis 0.0 0 0.0 414 1230 465 1278 0.0 0.0 0.0 0.0 0.0 0.0 0.0
